[IMAG1366.jpg]
filters=fill=1,0.785047;
moddate=89e55a2da930d001
width=1840
height=3264
textactive=0
[IMAG1365.jpg]
filters=fill=1,0.691589;
moddate=60b1165ca930d001
width=1840
height=3264
textactive=0
[IMAG1373.jpg]
filters=crop64=1,408e00649ebf5efb;
crop=rect64(408e00649ebf5efb)
moddate=33bfda164b31d001
width=1840
height=3264
textactive=0
